cx: 393.7023804355801
cy: 409.53022750248056
fx: 1860.9118161262147
fy: 1846.0695381894068
k1: -3.1248099081656666
k2: 120.48332651392097
lens: pinhole
p1/k3: 0.00763097731616083
p2/k4: -0.0056418110793518194
